epoch_num: 2, lr: 0.00015, batch_size: 32, eval_acc: 0.85294
epoch_num: 3, lr: 0.00015, batch_size: 32, eval_acc: 0.85874
epoch_num: 4, lr: 0.0001, batch_size: 32, eval_acc: 0.85539
