epoch_num: 2, lr: 0.0002, batch_size: 64, eval_acc: 0.85539
epoch_num: 3, lr: 0.00015, batch_size: 64, eval_acc: 0.84804
epoch_num: 4, lr: 0.0001, batch_size: 64, eval_acc: 0.87255